4294967294,0
4294967293,131
4294967293,130
4294967293,129
4294967293,128
4294967293,127
4294967293,126
4294967293,125
4294967293,124
4294967293,123
4294967293,122
4294967293,121
4294967293,120
4294967293,119
4294967293,118
4294967293,117
4294967293,116
4294967293,115
4294967293,114
4294967293,113
4294967293,112
4294967293,111
4294967293,110
4294967293,109
4294967293,108
4294967293,107
4294967293,106
4294967293,105
4294967293,104
4294967293,103
4294967293,102
4294967293,101
4294967293,100
4294967293,99
4294967293,98
4294967293,97
4294967293,96
4294967293,95
4294967293,94
4294967293,93
4294967293,92
4294967293,91
4294967293,90
4294967293,89
4294967293,87
4294967293,86
4294967293,85
4294967293,84
4294967293,83
4294967293,82
4294967293,81
4294967293,80
4294967293,79
4294967293,78
4294967293,77
4294967293,76
4294967293,75
4294967293,74
4294967293,73
4294967293,72
4294967293,71
4294967293,70
4294967293,69
4294967293,68
4294967293,67
4294967293,66
4294967293,65
4294967293,64
4294967293,63
4294967293,62
4294967293,61
4294967293,60
4294967293,59
4294967293,58
4294967293,57
4294967293,56
4294967293,55
4294967293,54
4294967293,53
4294967293,52
4294967293,51
4294967293,50
4294967293,49
4294967293,48
4294967293,47
4294967293,46
4294967293,45
4294967293,44
4294967293,43
4294967293,42
4294967293,41
4294967293,40
4294967293,39
4294967293,38
4294967293,37
4294967293,36
4294967293,35
4294967293,34
4294967293,33
4294967293,32
4294967293,31
4294967293,30
4294967293,29
4294967293,28
4294967293,27
4294967293,26
4294967293,25
4294967293,24
4294967293,23
4294967293,22
4294967293,21
4294967293,20
4294967293,19
4294967293,18
4294967293,17
4294967293,16
4294967293,15
4294967293,14
4294967293,13
4294967293,12
4294967293,11
4294967293,10
4294967293,9
4294967293,8
4294967293,7
4294967293,6
4294967293,5
4294967293,4
4294967293,3
4294967278,132
4294967278,131
4294967278,130
4294967278,129
4294967278,128
4294967278,127
4294967278,126
4294967278,125
4294967278,124
4294967278,123
4294967278,122
4294967278,121
4294967278,120
4294967278,119
4294967278,118
4294967278,117
4294967278,116
4294967278,115
4294967278,114
4294967278,113
4294967278,112
4294967278,111
4294967278,110
4294967278,109
4294967278,108
4294967278,107
4294967278,106
4294967278,105
4294967278,104
4294967278,103
4294967278,102
4294967278,101
4294967278,100
4294967278,99
4294967278,98
4294967278,97
4294967278,96
4294967278,95
4294967278,94
4294967278,93
4294967278,92
4294967278,91
4294967278,90
4294967278,89
4294967278,87
4294967278,86
4294967278,85
4294967278,84
4294967278,83
4294967278,82
4294967278,81
4294967278,80
4294967278,79
4294967278,78
4294967278,77
4294967278,76
4294967278,75
4294967278,74
4294967278,73
4294967278,72
4294967278,71
4294967278,70
4294967278,69
4294967278,68
4294967278,67
4294967278,66
4294967278,65
4294967278,64
4294967278,63
4294967278,62
4294967278,61
4294967278,60
4294967278,59
4294967278,58
4294967278,57
4294967278,56
4294967278,55
4294967278,54
4294967278,53
4294967278,52
4294967278,51
4294967278,50
4294967278,49
4294967278,48
4294967278,47
4294967278,46
4294967278,45
4294967278,44
4294967278,43
4294967278,42
4294967278,41
4294967278,40
4294967278,39
4294967278,38
4294967278,37
4294967278,36
4294967278,35
4294967278,34
4294967278,33
4294967278,32
4294967278,31
4294967278,30
4294967278,29
4294967278,28
4294967278,27
4294967278,26
4294967278,25
4294967278,24
4294967278,23
4294967278,22
4294967278,21
4294967278,20
4294967278,19
4294967278,18
4294967278,17
4294967278,16
4294967278,15
4294967278,14
4294967278,13
4294967278,12
4294967278,11
4294967278,10
4294967278,9
4294967278,8
4294967278,7
4294967278,6
4294967278,5
4294967278,4
4294967279,132
4294967279,131
4294967279,130
4294967279,129
4294967279,128
4294967279,127
4294967279,126
4294967279,125
4294967279,124
4294967279,123
4294967279,122
4294967279,121
4294967279,120
4294967279,119
4294967279,118
4294967279,117
4294967279,116
4294967279,115
4294967279,114
4294967279,113
4294967279,112
4294967279,111
4294967279,110
4294967279,109
4294967279,108
4294967279,107
4294967279,106
4294967279,105
4294967279,104
4294967279,103
4294967279,102
4294967279,101
4294967279,100
4294967279,99
4294967279,98
4294967279,97
4294967279,96
4294967279,95
4294967279,94
4294967279,93
4294967279,92
4294967279,91
4294967279,90
4294967279,89
4294967279,87
4294967279,86
4294967279,85
4294967279,84
4294967279,83
4294967279,82
4294967279,81
4294967279,80
4294967279,79
4294967279,78
4294967279,77
4294967279,76
4294967279,75
4294967279,74
4294967279,73
4294967279,72
4294967279,71
4294967279,70
4294967279,69
4294967279,68
4294967279,67
4294967279,66
4294967279,65
4294967279,64
4294967279,63
4294967279,62
4294967279,61
4294967279,60
4294967279,59
4294967279,58
4294967279,57
4294967279,56
4294967279,55
4294967279,54
4294967279,53
4294967279,52
4294967279,51
4294967279,50
4294967279,49
4294967279,48
4294967279,47
4294967279,46
4294967279,45
4294967279,44
4294967279,43
4294967279,42
4294967279,41
4294967279,40
4294967279,39
4294967279,38
4294967279,37
4294967279,36
4294967279,35
4294967279,34
4294967279,33
4294967279,32
4294967279,31
4294967279,30
4294967279,29
4294967279,28
4294967279,27
4294967279,26
4294967279,25
4294967279,24
4294967279,23
4294967279,22
4294967279,21
4294967279,20
4294967279,19
4294967279,18
4294967279,17
4294967279,16
4294967279,15
4294967279,14
4294967279,13
4294967279,12
4294967279,11
4294967279,10
4294967279,9
4294967279,8
4294967279,7
4294967279,6
4294967279,5
4294967279,4
4243767290,0
4243767290,3
4243767290,2
6,2125
6,2124
6,2123
6,2122
6,2121
6,1452
6,1451
6,2120
6,2119
6,2118
6,2117
6,2116
6,2115
6,2114
6,2113
6,1716
6,1715
6,1574
6,1714
6,1713
6,1712
6,1711
6,1710
6,1449
6,1709
6,1708
6,1707
6,1706
6,1705
6,1704
6,1703
6,1450
6,1446
6,1702
6,1701
6,1700
6,1699
6,1698
6,1697
6,1696
6,1695
6,1448
6,1694
6,1693
6,1692
6,1691
6,1690
6,1689
6,1688
6,1687
6,1686
6,1685
6,1684
6,1683
6,2176
6,1682
6,1681
6,1447
6,1680
6,1679
6,1678
6,1677
6,1676
6,1675
6,1674
6,1673
6,1672
6,1671
6,1670
6,1669
6,1668
6,1667
6,1666
6,1665
6,1663
6,1662
6,1661
6,1660
6,1659
6,1658
6,1657
6,1445
6,1444
6,1656
6,1655
6,1654
6,1653
6,1652
6,1651
6,1650
6,1649
6,1648
6,1647
6,1646
6,1645
6,1644
6,1643
6,1642
6,1641
6,1640
6,1639
6,1638
6,1637
6,1636
6,1635
6,1634
6,1633
6,1632
6,1443
6,1631
6,1630
6,1629
6,2112
6,2095
6,2094
6,2093
6,2092
6,2091
6,2090
6,2089
6,2088
6,2087
6,2086
6,2085
6,2084
6,1442
6,2083
6,2082
6,2081
6,2080
6,2079
6,2078
6,2077
6,2076
6,2075
6,2074
6,2073
6,2072
6,1441
6,2071
6,2070
6,2069
6,2068
6,2067
6,2066
6,2065
6,2064
6,2063
6,2062
6,2061
6,2060
6,2059
6,2058
6,2057
6,2056
6,2055
6,2054
6,2053
6,2052
4294967278,328
4294967279,304
6,2051
6,2050
6,1436
6,2049
6,2048
6,2047
6,2046
6,1440
6,2045
6,2044
6,2043
6,2042
6,2041
6,2040
6,2039
6,2038
6,2037
6,2036
6,2035
6,2034
6,2033
6,2032
6,2031
6,2030
6,2029
6,1438
6,2028
6,2027
6,2026
6,2025
6,2024
6,2023
6,2022
6,2021
6,1439
6,2020
6,2019
6,2018
6,555
6,2017
6,2016
6,1437
6,2015
6,2014
6,2013
6,2012
6,2011
6,2010
6,2009
6,2008
6,2007
6,2006
6,2005
6,2004
6,2003
6,2002
6,1435
6,1432
6,2001
6,2000
6,1999
6,1998
6,1997
6,1996
6,1995
6,1994
6,1993
6,1992
6,1991
6,1990
6,1989
6,1988
6,1987
6,1434
6,1986
6,1985
6,1628
6,1627
6,1626
6,1625
6,1624
6,1984
6,1940
6,1939
6,1938
6,1937
6,1936
6,1935
6,1934
6,1433
6,1933
6,1623
6,1932
6,1931
6,1930
6,1929
6,1928
6,1927
6,1926
6,1925
6,1924
6,1923
6,1922
6,1921
6,1919
6,1918
6,1431
6,1622
6,1917
6,1916
6,1915
6,1429
6,1914
6,1621
6,1913
6,1912
6,1911
6,1910
6,1909
6,1908
6,1907
6,1906
6,1905
6,1904
6,1903
6,1902
6,1901
6,1900
6,1430
6,1899
6,1898
6,1897
6,1896
6,1895
6,1894
6,1893
6,1892
6,1891
6,1890
6,1889
6,1920
6,1888
6,1887
6,1886
6,1885
6,1884
6,1883
6,1428
6,1882
6,1881
6,1880
6,1879
6,1878
6,1877
6,1876
6,1875
6,1874
6,1873
6,1872
6,1871
6,1870
6,1426
6,1869
6,1868
6,1867
6,1866
6,1865
6,1864
6,1863
6,1862
6,1861
6,1860
6,1859
6,1858
6,1857
6,1855
6,1854
6,1853
6,1852
6,1851
6,1850
6,1427
6,1849
6,1848
6,1847
6,1846
6,1620
6,1856
6,1845
6,1844
6,1843
6,1842
6,1841
6,1840
6,1839
6,1838
6,1837
6,1836
6,1835
6,1834
6,1425
6,1833
6,1832
6,1423
6,1831
6,1830
6,1829
6,1828
6,1827
6,1826
6,1825
6,1824
6,1823
6,1822
6,1821
6,1820
6,1819
6,1818
6,1817
6,1816
6,1815
6,1814
6,1813
6,1812
6,1424
6,1811
6,1810
6,1809
6,1808
6,1807
6,1806
6,1805
6,1804
6,1803
6,1802
6,1801
6,1800
6,1799
6,1798
6,1797
6,1796
6,1795
6,1794
6,1793
6,1754
6,1422
6,1753
6,1752
6,1751
6,1750
6,1419
6,1749
6,1748
6,1747
6,1746
6,1745
6,1744
6,1743
6,1742
6,1741
6,1740
6,1739
6,1738
6,1737
6,1736
6,1735
6,1734
6,1792
6,1733
6,1420
6,1732
6,1731
6,1730
6,1729
6,1619
6,1618
6,1617
6,1616
6,1615
6,1614
6,1613
6,1612
6,1421
6,26
6,1611
6,1610
6,1418
6,1609
6,1608
6,1607
6,1606
6,1605
6,1604
6,1603
6,1602
6,1728
6,1573
6,1572
6,1571
6,1570
6,1569
6,1568
6,1415
6,1567
6,1566
6,1565
6,1564
6,1563
6,1417
6,1562
6,1561
6,1560
6,1559
6,1558
6,1557
6,1556
6,1555
6,1554
6,1553
6,1552
6,1551
6,1550
6,1549
6,1548
6,1547
6,1546
6,1545
6,1416
6,1544
6,1543
6,1542
6,1541
6,1540
6,1539
6,1538
6,1535
6,1534
6,1533
6,1532
6,1531
6,1530
6,1529
6,1528
6,1527
6,1414
6,1526
6,1525
6,1524
6,1412
6,1523
6,1522
6,1521
4294967278,327
4294967279,303
6,1520
6,1519
6,1518
6,1517
6,1516
6,1515
6,1514
6,1513
6,1512
6,1511
6,1413
6,1510
6,1509
6,1508
6,1507
6,1506
6,1505
6,1504
6,1503
6,1502
6,1501
6,1500
6,1499
6,1498
6,1497
6,1496
6,575
6,1407
6,1406
6,1405
6,1664
6,1404
6,1403
6,1402
6,1401
6,1400
6,1399
6,1398
6,1397
6,574
6,1396
6,1395
6,1394
6,1393
6,1411
6,1392
6,1391
6,1343
6,1342
6,1341
6,1340
6,1339
6,1338
6,1337
6,1336
6,1335
6,1334
6,1333
6,573
6,1332
6,1331
6,1330
6,1329
6,1328
6,1327
6,1326
6,1325
6,1324
6,1323
6,1322
6,1321
6,1320
6,1319
6,1318
6,572
6,1317
6,1316
6,1315
6,1314
6,1313
6,1312
6,1311
6,1310
6,1309
6,1308
6,1307
6,1306
6,1305
6,1304
6,571
6,1303
6,1302
6,1301
6,1300
6,1299
6,1537
6,1298
6,1297
6,1296
6,1295
6,1294
6,1293
6,1292
6,1291
6,1290
6,1289
6,570
6,1410
6,1288
6,1287
6,1286
6,1285
6,1284
6,1283
6,1282
6,1281
6,1279
6,1278
6,1277
6,1276
6,1275
6,1274
6,1273
6,1272
6,1271
6,1270
6,1269
6,1268
6,1267
6,569
6,1266
6,1265
6,1264
6,1263
6,1262
6,1261
6,1260
6,1259
6,1258
6,1257
6,1256
6,1255
6,1254
6,1253
6,1252
6,1251
6,1250
6,1249
6,1248
6,1247
6,1246
6,1245
6,568
6,567
6,1244
6,1601
6,1600
6,1536
6,1243
6,1242
6,1409
6,1241
6,1240
6,1239
6,1238
6,1495
6,1494
6,1493
6,1492
6,1491
6,1490
6,1489
6,392
6,1488
6,391
6,1487
6,1486
6,1485
6,1484
6,1483
6,1482
6,1481
6,1480
6,566
6,1479
6,1478
6,1477
6,1476
6,1475
6,1474
6,1473
6,1237
6,1236
6,1235
6,1234
6,1233
6,1232
6,1231
6,1230
6,1229
6,1228
6,1227
6,1226
6,1225
6,1224
6,1223
6,565
6,1222
6,1221
6,1220
6,1219
6,1472
6,1390
6,1389
6,1408
6,1388
6,1387
6,1386
6,1385
6,1384
6,1383
6,1382
6,1381
6,1380
6,1379
6,1378
6,1377
6,1376
6,1375
6,1374
6,1373
6,1372
6,1371
6,1370
6,564
6,1218
6,1369
6,1368
6,1367
6,1366
6,1217
6,1365
6,1364
6,1363
6,1362
6,1361
6,1360
6,1359
6,1358
6,1357
6,1356
6,1355
6,1354
6,1353
6,1352
6,1351
6,1350
6,562
6,1349
6,1348
6,563
6,1347
6,1346
6,1345
6,1344
6,1215
6,1214
6,1213
6,1212
6,1211
6,1210
6,1209
6,1208
6,1207
6,1206
6,1205
6,1204
6,1203
6,1202
6,1201
6,1200
6,1199
6,1198
6,1197
6,1196
6,1195
6,1194
6,1193
6,1192
6,1191
6,1190
6,1189
6,1188
6,1187
6,561
6,1186
6,1185
6,1184
6,1183
6,1182
6,557
6,1181
6,1180
6,1179
6,1178
6,1177
6,1176
6,1175
6,1174
6,1173
6,1172
6,560
6,1171
6,1170
6,1169
6,1168
6,1167
6,1166
6,1165
6,1164
6,1163
6,1162
6,1161
6,1160
6,1159
6,1158
6,559
6,558
6,1157
6,1156
6,1155
6,1154
6,1151
6,1150
6,1149
6,1280
6,1148
4294967278,326
4294967279,302
6,1147
6,1146
6,1145
6,1144
6,1143
6,1142
6,1141
6,1140
6,1139
6,1138
6,1137
6,1136
6,1135
6,1134
6,556
6,1133
6,1132
6,1131
6,554
6,1130
6,1129
6,1128
6,1127
6,1126
6,1125
6,1124
6,1123
6,1122
6,1121
6,1120
6,1119
6,1118
6,1117
6,1116
6,1115
